218.750000 0.000000 100.500000
0.000000 218.750000 100.500000
0.000000 0.000000 1.000000
218.750000 0.000000 100.500000
0.000000 218.750000 100.500000
0.000000 0.000000 1.000000
218.750000 0.000000 100.500000
0.000000 218.750000 100.500000
0.000000 0.000000 1.000000
218.750000 0.000000 100.500000
0.000000 218.750000 100.500000
0.000000 0.000000 1.000000
218.750000 0.000000 100.500000
0.000000 218.750000 100.500000
0.000000 0.000000 1.000000
218.750000 0.000000 100.500000
0.000000 218.750000 100.500000
0.000000 0.000000 1.000000
218.750000 0.000000 100.500000
0.000000 218.750000 100.500000
0.000000 0.000000 1.000000
218.750000 0.000000 100.500000
0.000000 218.750000 100.500000
0.000000 0.000000 1.000000
218.750000 0.000000 100.500000
0.000000 218.750000 100.500000
0.000000 0.000000 1.000000
218.750000 0.000000 100.500000
0.000000 218.750000 100.500000
0.000000 0.000000 1.000000
218.750000 0.000000 100.500000
0.000000 218.750000 100.500000
0.000000 0.000000 1.000000
218.750000 0.000000 100.500000
0.000000 218.750000 100.500000
0.000000 0.000000 1.000000
218.750000 0.000000 100.500000
0.000000 218.750000 100.500000
0.000000 0.000000 1.000000
218.750000 0.000000 100.500000
0.000000 218.750000 100.500000
0.000000 0.000000 1.000000
218.750000 0.000000 100.500000
0.000000 218.750000 100.500000
0.000000 0.000000 1.000000
218.750000 0.000000 100.500000
0.000000 218.750000 100.500000
0.000000 0.000000 1.000000
218.750000 0.000000 100.500000
0.000000 218.750000 100.500000
0.000000 0.000000 1.000000
218.750000 0.000000 100.500000
0.000000 218.750000 100.500000
0.000000 0.000000 1.000000
218.750000 0.000000 100.500000
0.000000 218.750000 100.500000
0.000000 0.000000 1.000000